0.0 0.0174851444573458
0.1 0.0174851444573458
0.2 0.0174851444573458
0.3 0.0174851444573458
0.4 0.0174851444573458
0.5 0.0174851444573458
0.6 0.0174851444573458
0.7 0.0174851444573458
0.8 0.0174851444573458
0.9 0.0174851444573458
1.0 0.0174851444573458
1.1 0.0174851444573458
1.2 0.0174851444573458
1.3 0.0174851444573458
1.4 0.0174851444573458
1.5 0.0174851444573458
1.6 0.0174851444573458
1.7 0.0174851444573458
1.8 0.0174851444573458
1.9 0.0174851444573458
2.0 0.0174851444573458
2.1 0.0174851444573458
2.2 0.0174851444573458
2.3 0.0174851444573458
2.4 0.0174851444573458
2.5 0.0174851444573458
2.6 0.0174851444573458
2.7 0.0174851444573458
2.8 0.0174851444573458
2.9 0.0174851444573458
3.0 0.0174851444573458
3.1 0.0174851444573458
3.2 0.0174851444573458
3.3 0.0174851444573458
3.4 0.0174851444573458
3.5 0.0174851444573458
3.6 0.0174851444573458
3.7 0.0174851444573458
3.8 0.0174851444573458
3.9 0.0174851444573458
4.0 0.0174851444573458
4.1 0.0174851444573458
4.2 0.0174851444573458
4.3 0.0174851444573458
4.4 0.0174851444573458
4.5 0.0174851444573458
4.6 0.0174851444573458
4.7 0.0174851444573458
4.8 0.0174851444573458
4.9 0.0174851444573458
5.0 0.0174851444573458
5.1 0.0174851444573458
5.2 0.0174851444573458
5.3 0.0174851444573458
5.4 0.0174851444573458
5.5 0.0174851444573458
5.6 0.0174851444573458
5.7 0.0174851444573458
5.8 0.0174851444573458
5.9 0.0174851444573458
6.0 0.0174851444573458
6.1 0.0174851444573458
6.2 0.0174851444573458
6.3 0.0174851444573458
6.4 0.0174851444573458
6.5 0.0174851444573458
6.6 0.0174851444573458
6.7 0.0174851444573458
6.8 0.0174851444573458
6.9 0.0174851444573458
7.0 0.0174851444573458
7.1 0.0174851444573458
7.2 0.0174851444573458
7.3 0.0174851444573458
7.4 0.0174851444573458
7.5 0.0174851444573458
7.6 0.0174851444573458
7.7 0.0174851444573458
7.8 0.0174851444573458
7.9 0.0174851444573458
8.0 0.0174851444573458
8.1 0.0174851444573458
8.2 0.0174851444573458
8.3 0.0174851444573458
8.4 0.0174851444573458
8.5 0.0174851444573458
8.6 0.0174851444573458
8.7 0.0174851444573458
8.8 0.0174851444573458
8.9 0.0174851444573458
9.0 0.0174851444573458
9.1 0.0174851444573458
9.2 0.0174851444573458
9.3 0.0174851444573458
9.4 0.0174851444573458
9.5 0.0174851444573458
9.6 0.0174851444573458
9.7 0.0174851444573458
9.8 0.0174851444573458
9.9 0.0174851444573458
10.0 0.0174851444573458
10.1 0.0174851444573458
10.2 0.0174851444573458
10.3 0.0174851444573458
10.4 0.0174851444573458
10.5 0.0174851444573458
10.6 0.0174851444573458
10.7 0.0174851444573458
10.8 0.0174851444573458
10.9 0.0174851444573458
11.0 0.0174851444573458
11.1 0.0174851444573458
11.2 0.0174851444573458
11.3 0.0174851444573458
11.4 0.0174851444573458
11.5 0.0174851444573458
11.6 0.0174851444573458
11.7 0.0174851444573458
11.8 0.0174851444573458
11.9 0.0174851444573458
12.0 0.0174851444573458
12.1 0.0174851444573458
12.2 0.0174851444573458
12.3 0.0174851444573458
12.4 0.0174851444573458
12.5 0.0174851444573458
12.6 0.0174851444573458
12.7 0.0174851444573458
12.8 0.0174851444573458
12.9 0.0174851444573458
13.0 0.0174851444573458
13.1 0.0174851444573458
13.2 0.0174851444573458
13.3 0.0174851444573458
13.4 0.0174851444573458
13.5 0.0174851444573458
13.6 0.0174851444573458
13.7 0.0174851444573458
13.8 0.0174851444573458
13.9 0.0174851444573458
14.0 0.0174851444573458
14.1 0.0174851444573458
14.2 0.0174851444573458
14.3 0.0174851444573458
14.4 0.0174851444573458
14.5 0.0174851444573458
14.6 0.0174851444573458
14.7 0.0174851444573458
14.8 0.0174851444573458
14.9 0.0174851444573458
