0.0 1
0.1 0.9968
0.2 0.9857
0.3 0.9684
0.4 0.9477
0.5 0.9241
0.6 0.8985
0.7 0.8719
0.8 0.8429
0.9 0.8167
1.0 0.7867
1.1 0.7586
1.2 0.7305
1.3 0.7074
1.4 0.6814
1.5 0.6645
1.6 0.6417
1.7 0.6254
1.8 0.6086
1.9 0.5901
2.0 0.5726
2.1 0.5533
2.2 0.5363
2.3 0.5182
2.4 0.508
2.5 0.4949
2.6 0.4847
2.7 0.4761
2.8 0.4674
2.9 0.4551
3.0 0.444
3.1 0.4372
3.2 0.4304
3.3 0.4245
3.4 0.4208
3.5 0.4132
3.6 0.4092
3.7 0.4054
3.8 0.4025
3.9 0.3986
4.0 0.3948
4.1 0.393
4.2 0.3881
4.3 0.3821
4.4 0.3807
4.5 0.3765
4.6 0.3765
4.7 0.3747
4.8 0.372
4.9 0.3706
5.0 0.3682
5.1 0.3668
5.2 0.3699
5.3 0.3675
5.4 0.3663
5.5 0.3673
5.6 0.367
5.7 0.3659
5.8 0.3684
5.9 0.3682
6.0 0.3679
6.1 0.3688
6.2 0.3657
6.3 0.365
6.4 0.3637
6.5 0.3617
6.6 0.362
6.7 0.3612
6.8 0.3626
6.9 0.3622
7.0 0.358
7.1 0.3603
7.2 0.3626
7.3 0.3579
7.4 0.3561
7.5 0.3549
7.6 0.3554
7.7 0.358
7.8 0.3574
7.9 0.3561
8.0 0.3571
8.1 0.3557
8.2 0.3555
8.3 0.3525
8.4 0.3544
8.5 0.3547
8.6 0.354
8.7 0.354
8.8 0.353
8.9 0.3554
9.0 0.3534
9.1 0.3543
9.2 0.3538
9.3 0.354
9.4 0.3527
9.5 0.3504
9.6 0.3528
9.7 0.353
9.8 0.3517
9.9 0.3484
10.0 0.3489
10.1 0.3495
10.2 0.3525
10.3 0.3491
10.4 0.3481
10.5 0.3482
10.6 0.3497
10.7 0.347
10.8 0.3437
10.9 0.3451
11.0 0.3463
11.1 0.3441
11.2 0.3443
11.3 0.3448
11.4 0.3433
11.5 0.3484
11.6 0.3443
11.7 0.3465
11.8 0.3463
11.9 0.3476
12.0 0.3457
12.1 0.345
12.2 0.3424
12.3 0.3457
12.4 0.3464
12.5 0.3484
12.6 0.3514
12.7 0.3464
12.8 0.347
12.9 0.3469
13.0 0.3477
13.1 0.347
13.2 0.3474
13.3 0.3517
13.4 0.3505
13.5 0.3529
13.6 0.353
13.7 0.3523
13.8 0.3542
13.9 0.3526
14.0 0.3512
14.1 0.3509
14.2 0.3507
14.3 0.3542
14.4 0.3495
14.5 0.3476
14.6 0.3485
14.7 0.3491
14.8 0.3486
14.9 0.35
