0.0 0.342281879194631
0.1 0.342281879194631
0.2 0.342281879194631
0.3 0.342281879194631
0.4 0.342281879194631
0.5 0.342281879194631
0.6 0.342281879194631
0.7 0.342281879194631
0.8 0.342281879194631
0.9 0.342281879194631
1.0 0.342281879194631
1.1 0.342281879194631
1.2 0.342281879194631
1.3 0.342281879194631
1.4 0.342281879194631
1.5 0.342281879194631
1.6 0.342281879194631
1.7 0.342281879194631
1.8 0.342281879194631
1.9 0.342281879194631
2.0 0.342281879194631
2.1 0.342281879194631
2.2 0.342281879194631
2.3 0.342281879194631
2.4 0.342281879194631
2.5 0.342281879194631
2.6 0.342281879194631
2.7 0.342281879194631
2.8 0.342281879194631
2.9 0.342281879194631
3.0 0.342281879194631
3.1 0.342281879194631
3.2 0.342281879194631
3.3 0.342281879194631
3.4 0.342281879194631
3.5 0.342281879194631
3.6 0.342281879194631
3.7 0.342281879194631
3.8 0.342281879194631
3.9 0.342281879194631
4.0 0.342281879194631
4.1 0.342281879194631
4.2 0.342281879194631
4.3 0.342281879194631
4.4 0.342281879194631
4.5 0.342281879194631
4.6 0.342281879194631
4.7 0.342281879194631
4.8 0.342281879194631
4.9 0.342281879194631
5.0 0.342281879194631
5.1 0.342281879194631
5.2 0.342281879194631
5.3 0.342281879194631
5.4 0.342281879194631
5.5 0.342281879194631
5.6 0.342281879194631
5.7 0.342281879194631
5.8 0.342281879194631
5.9 0.342281879194631
6.0 0.342281879194631
6.1 0.342281879194631
6.2 0.342281879194631
6.3 0.342281879194631
6.4 0.342281879194631
6.5 0.342281879194631
6.6 0.342281879194631
6.7 0.342281879194631
6.8 0.342281879194631
6.9 0.342281879194631
7.0 0.342281879194631
7.1 0.342281879194631
7.2 0.342281879194631
7.3 0.342281879194631
7.4 0.342281879194631
7.5 0.342281879194631
7.6 0.342281879194631
7.7 0.342281879194631
7.8 0.342281879194631
7.9 0.342281879194631
8.0 0.342281879194631
8.1 0.342281879194631
8.2 0.342281879194631
8.3 0.342281879194631
8.4 0.342281879194631
8.5 0.342281879194631
8.6 0.342281879194631
8.7 0.342281879194631
8.8 0.342281879194631
8.9 0.342281879194631
9.0 0.342281879194631
9.1 0.342281879194631
9.2 0.342281879194631
9.3 0.342281879194631
9.4 0.342281879194631
9.5 0.342281879194631
9.6 0.342281879194631
9.7 0.342281879194631
9.8 0.342281879194631
9.9 0.342281879194631
10.0 0.342281879194631
10.1 0.342281879194631
10.2 0.342281879194631
10.3 0.342281879194631
10.4 0.342281879194631
10.5 0.342281879194631
10.6 0.342281879194631
10.7 0.342281879194631
10.8 0.342281879194631
10.9 0.342281879194631
11.0 0.342281879194631
11.1 0.342281879194631
11.2 0.342281879194631
11.3 0.342281879194631
11.4 0.342281879194631
11.5 0.342281879194631
11.6 0.342281879194631
11.7 0.342281879194631
11.8 0.342281879194631
11.9 0.342281879194631
12.0 0.342281879194631
12.1 0.342281879194631
12.2 0.342281879194631
12.3 0.342281879194631
12.4 0.342281879194631
12.5 0.342281879194631
12.6 0.342281879194631
12.7 0.342281879194631
12.8 0.342281879194631
12.9 0.342281879194631
13.0 0.342281879194631
13.1 0.342281879194631
13.2 0.342281879194631
13.3 0.342281879194631
13.4 0.342281879194631
13.5 0.342281879194631
13.6 0.342281879194631
13.7 0.342281879194631
13.8 0.342281879194631
13.9 0.342281879194631
14.0 0.342281879194631
14.1 0.342281879194631
14.2 0.342281879194631
14.3 0.342281879194631
14.4 0.342281879194631
14.5 0.342281879194631
14.6 0.342281879194631
14.7 0.342281879194631
14.8 0.342281879194631
14.9 0.342281879194631
