0.0 0.51
0.1 0.51
0.2 0.51
0.3 0.51
0.4 0.51
0.5 0.51
0.6 0.51
0.7 0.51
0.8 0.51
0.9 0.51
1.0 0.51
1.1 0.51
1.2 0.51
1.3 0.51
1.4 0.51
1.5 0.51
1.6 0.51
1.7 0.51
1.8 0.51
1.9 0.51
2.0 0.51
2.1 0.51
2.2 0.51
2.3 0.51
2.4 0.51
2.5 0.51
2.6 0.51
2.7 0.51
2.8 0.51
2.9 0.51
3.0 0.51
3.1 0.51
3.2 0.51
3.3 0.51
3.4 0.51
3.5 0.51
3.6 0.51
3.7 0.51
3.8 0.51
3.9 0.51
4.0 0.51
4.1 0.51
4.2 0.51
4.3 0.51
4.4 0.51
4.5 0.51
4.6 0.51
4.7 0.51
4.8 0.51
4.9 0.51
5.0 0.51
5.1 0.51
5.2 0.51
5.3 0.51
5.4 0.51
5.5 0.51
5.6 0.51
5.7 0.51
5.8 0.51
5.9 0.51
6.0 0.51
6.1 0.51
6.2 0.51
6.3 0.51
6.4 0.51
6.5 0.51
6.6 0.51
6.7 0.51
6.8 0.51
6.9 0.51
7.0 0.51
7.1 0.51
7.2 0.51
7.3 0.51
7.4 0.51
7.5 0.51
7.6 0.51
7.7 0.51
7.8 0.51
7.9 0.51
8.0 0.51
8.1 0.51
8.2 0.51
8.3 0.51
8.4 0.51
8.5 0.51
8.6 0.51
8.7 0.51
8.8 0.51
8.9 0.51
9.0 0.51
9.1 0.51
9.2 0.51
9.3 0.51
9.4 0.51
9.5 0.51
9.6 0.51
9.7 0.51
9.8 0.51
9.9 0.51
10.0 0.51
10.1 0.51
10.2 0.51
10.3 0.51
10.4 0.51
10.5 0.51
10.6 0.51
10.7 0.51
10.8 0.51
10.9 0.51
11.0 0.51
11.1 0.51
11.2 0.51
11.3 0.51
11.4 0.51
11.5 0.51
11.6 0.51
11.7 0.51
11.8 0.51
11.9 0.51
12.0 0.51
12.1 0.51
12.2 0.51
12.3 0.51
12.4 0.51
12.5 0.51
12.6 0.51
12.7 0.51
12.8 0.51
12.9 0.51
13.0 0.51
13.1 0.51
13.2 0.51
13.3 0.51
13.4 0.51
13.5 0.51
13.6 0.51
13.7 0.51
13.8 0.51
13.9 0.51
14.0 0.51
14.1 0.51
14.2 0.51
14.3 0.51
14.4 0.51
14.5 0.51
14.6 0.51
14.7 0.51
14.8 0.51
14.9 0.51
